joint [[ 0.08369462 -0.01909859  0.04633394]
 [ 0.05682814 -0.04421484  0.01920476]      
 [ 0.03348546 -0.06138917  0.00516866]      
 [ 0.00998883 -0.07900494 -0.01184328]      
 [-0.01074019 -0.08668677 -0.01702834]      
 [-0.0099765  -0.02533195 -0.0027218 ]      
 [-0.03795904 -0.02527702 -0.01533566]      
 [-0.05402162 -0.02452954 -0.02408372]      
 [-0.06623551 -0.02425234 -0.05423179]      
 [-0.0062665  -0.0003955   0.00282563]      
 [-0.04102729  0.01040846 -0.01292549]      
 [-0.05470048  0.0163851  -0.03481706]      
 [-0.06983976  0.01750524 -0.06048265]      
 [ 0.00575529  0.01905218  0.00174427]      
 [-0.01936786  0.03119686 -0.015728  ]      
 [-0.03357164  0.0392901  -0.03716744]      
 [-0.04934352  0.04272756 -0.06337409]      
 [ 0.02743938  0.03098363  0.00485634]      
 [ 0.01037214  0.04544358 -0.00396958]      
 [-0.00180654  0.05720587 -0.01767582]      
 [-0.01232785  0.06671293 -0.03655726]]
v1: [[ 0.08369462 -0.01909859  0.04633394]
 [ 0.05682814 -0.04421484  0.01920476]
 [ 0.03348546 -0.06138917  0.00516866]
 [ 0.00998883 -0.07900494 -0.01184328]
 [ 0.08369462 -0.01909859  0.04633394]
 [-0.0099765  -0.02533195 -0.0027218 ]
 [-0.03795904 -0.02527702 -0.01533566]
 [-0.05402162 -0.02452954 -0.02408372]
 [ 0.08369462 -0.01909859  0.04633394]
 [-0.0062665  -0.0003955   0.00282563]
 [-0.04102729  0.01040846 -0.01292549]
 [-0.05470048  0.0163851  -0.03481706]
 [ 0.08369462 -0.01909859  0.04633394]
 [ 0.00575529  0.01905218  0.00174427]
 [-0.01936786  0.03119686 -0.015728  ]
 [-0.03357164  0.0392901  -0.03716744]
 [ 0.08369462 -0.01909859  0.04633394]
 [ 0.02743938  0.03098363  0.00485634]
 [ 0.01037214  0.04544358 -0.00396958]
 [-0.00180654  0.05720587 -0.01767582]]
v2: [[ 0.05682814 -0.04421484  0.01920476]
 [ 0.03348546 -0.06138917  0.00516866]
 [ 0.00998883 -0.07900494 -0.01184328]
 [-0.01074019 -0.08668677 -0.01702834]
 [-0.0099765  -0.02533195 -0.0027218 ]
 [-0.03795904 -0.02527702 -0.01533566]
 [-0.05402162 -0.02452954 -0.02408372]
 [-0.06623551 -0.02425234 -0.05423179]
 [-0.0062665  -0.0003955   0.00282563]
 [-0.04102729  0.01040846 -0.01292549]
 [-0.05470048  0.0163851  -0.03481706]
 [-0.06983976  0.01750524 -0.06048265]
 [ 0.00575529  0.01905218  0.00174427]
 [-0.01936786  0.03119686 -0.015728  ]
 [-0.03357164  0.0392901  -0.03716744]
 [-0.04934352  0.04272756 -0.06337409]
 [ 0.02743938  0.03098363  0.00485634]
 [ 0.01037214  0.04544358 -0.00396958]
 [-0.00180654  0.05720587 -0.01767582]
 [-0.01232785  0.06671293 -0.03655726]]
v : [[-2.68664807e-02 -2.51162536e-02 -2.71291714e-02]
 [-2.33426802e-02 -1.71743222e-02 -1.40361064e-02]
 [-2.34966334e-02 -1.76157691e-02 -1.70119354e-02]
 [-2.07290128e-02 -7.68183172e-03 -5.18506486e-03]
 [-9.36711244e-02 -6.23336062e-03 -4.90557333e-02]
 [-2.79825330e-02  5.49312681e-05 -1.26138595e-02]
 [-1.60625838e-02  7.47475773e-04 -8.74806661e-03]
 [-1.22138858e-02  2.77204439e-04 -3.01480610e-02]
 [-8.99611227e-02  1.87030917e-02 -4.35083020e-02]
 [-3.47607918e-02  1.08039624e-02 -1.57511239e-02]
 [-1.36731826e-02  5.97663596e-03 -2.18915716e-02]
 [-1.51392855e-02  1.12014264e-03 -2.56655924e-02]
 [-7.79393315e-02  3.81507669e-02 -4.45896632e-02]
 [-2.51231454e-02  1.21446792e-02 -1.74722725e-02]
 [-1.42037831e-02  8.09324160e-03 -2.14394405e-02]
 [-1.57718770e-02  3.43745947e-03 -2.62066536e-02]
 [-5.62552400e-02  5.00822198e-02 -4.14775903e-02]
 [-1.70672396e-02  1.44599546e-02 -8.82592518e-03]
 [-1.21786864e-02  1.17622875e-02 -1.37062366e-02]
 [-1.05213048e-02  9.50706005e-03 -1.88814439e-02]]
linalg v : [[-0.58786885 -0.54957191 -0.59361682]
 [-0.72492434 -0.53336138 -0.43590175]
 [-0.69233238 -0.51905169 -0.50125963]
 [-0.91290896 -0.33830907 -0.22835107]
 [-0.8843355  -0.05884825 -0.46312806]
 [-0.91165505  0.00178963 -0.41095239]
 [-0.87746962  0.04083324 -0.4778909 ]
 [-0.37547229  0.00852166 -0.92679444]
 [-0.88487761  0.18396777 -0.42795733]
 [-0.87640835  0.27239549 -0.39712606]
 [-0.51609153  0.22558692 -0.82629297]
 [-0.50770528  0.03756467 -0.86071148]
 [-0.79887334  0.39104301 -0.4570413 ]
 [-0.76308022  0.36887755 -0.53069571]
 [-0.52682625  0.30018285 -0.79520083]
 [-0.51242058  0.11168138 -0.85144138]
 [-0.6542514   0.58245885 -0.48238656]
 [-0.70973298  0.60131028 -0.36702187]
 [-0.55907151  0.53995641 -0.62919482]
 [-0.44556569  0.40261354 -0.79960838]]
r_np.einsum('nt,nt->n',v[[0,1,2,4,5,6,8,9,10,12,13,14,16,17,18],:], v[[1,2,3,5,6,7,9,10,11,13,14,15,17,18,19],:] [0.97803948 0.99723067 0.9220995  0.99642719 0.99641309 0.77272013
 0.99557912 0.84189826 0.98169634 0.99640129 0.93475107 0.98054834
 0.9916287  0.95240108 0.96960629]
angle = np.arccos [0.20995889 0.07443933 0.39732473 0.08455691 0.0847237  0.68768091
 0.09406529 0.57000503 0.19162346 0.08486312 0.36323852 0.19756039
 0.12948361 0.30977861 0.24717983]
degress_angle = np.degrees [12.02975805  4.26505922 22.76502998  4.84475404  4.85431024 39.40121372
  5.38954423 32.6588828  10.97921573  4.86229843 20.81203389 11.31937669
  7.41886438 17.74900674 14.16236076]
data = np.array([angle], dtype=np.float32)  [[12.029758   4.265059  22.76503    4.844754   4.85431   39.401215
   5.389544  32.658882  10.979216   4.8622985 20.812035  11.319377
   7.4188643 17.749006  14.162361 ]]
result = ret, results, neighbours, dist = knn.findNearest(data, 3)  <class 'mediapipe.python.solution_base.SolutionOutputs'>
idx = int(results[0][0]) 5
joint [[-0.09361102 -0.00145004  0.01231577]
 [-0.0675422  -0.0280244  -0.0004612 ]
 [-0.04651842 -0.04578954 -0.00593981]
 [-0.02405444 -0.0668592  -0.01236786]
 [-0.00059406 -0.08454877 -0.0137494 ]
 [ 0.00483386 -0.02749976  0.00456573]
 [ 0.03308952 -0.03063983 -0.00245437]
 [ 0.05301215 -0.03477973 -0.01070172]
 [ 0.06923916 -0.04126785 -0.04072575]
 [ 0.00497085 -0.00356142  0.00601695]
 [ 0.04331056 -0.0007095  -0.00420046]
 [ 0.06565317 -0.00459443 -0.02511383]
 [ 0.0865565  -0.00803355 -0.04399423]
 [ 0.00025228  0.01877135 -0.00153555]
 [ 0.02957093  0.02176137 -0.01573097]
 [ 0.04963246  0.01947732 -0.03631677]
 [ 0.06858685  0.01496636 -0.05900468]
 [-0.01871578  0.03061116 -0.01003434]
 [ 0.00203456  0.04400689 -0.01400263]
 [ 0.02217522  0.04987768 -0.02754079]
 [ 0.03593641  0.05136737 -0.0475022 ]]
v1: [[-0.09361102 -0.00145004  0.01231577]
 [-0.0675422  -0.0280244  -0.0004612 ]
 [-0.04651842 -0.04578954 -0.00593981]
 [-0.02405444 -0.0668592  -0.01236786]
 [-0.09361102 -0.00145004  0.01231577]
 [ 0.00483386 -0.02749976  0.00456573]
 [ 0.03308952 -0.03063983 -0.00245437]
 [ 0.05301215 -0.03477973 -0.01070172]
 [-0.09361102 -0.00145004  0.01231577]
 [ 0.00497085 -0.00356142  0.00601695]
 [ 0.04331056 -0.0007095  -0.00420046]
 [ 0.06565317 -0.00459443 -0.02511383]
 [-0.09361102 -0.00145004  0.01231577]
 [ 0.00025228  0.01877135 -0.00153555]
 [ 0.02957093  0.02176137 -0.01573097]
 [ 0.04963246  0.01947732 -0.03631677]
 [-0.09361102 -0.00145004  0.01231577]
 [-0.01871578  0.03061116 -0.01003434]
 [ 0.00203456  0.04400689 -0.01400263]
 [ 0.02217522  0.04987768 -0.02754079]]
v2: [[-0.0675422  -0.0280244  -0.0004612 ]
 [-0.04651842 -0.04578954 -0.00593981]
 [-0.02405444 -0.0668592  -0.01236786]
 [-0.00059406 -0.08454877 -0.0137494 ]
 [ 0.00483386 -0.02749976  0.00456573]
 [ 0.03308952 -0.03063983 -0.00245437]
 [ 0.05301215 -0.03477973 -0.01070172]
 [ 0.06923916 -0.04126785 -0.04072575]
 [ 0.00497085 -0.00356142  0.00601695]
 [ 0.04331056 -0.0007095  -0.00420046]
 [ 0.06565317 -0.00459443 -0.02511383]
 [ 0.0865565  -0.00803355 -0.04399423]
 [ 0.00025228  0.01877135 -0.00153555]
 [ 0.02957093  0.02176137 -0.01573097]
 [ 0.04963246  0.01947732 -0.03631677]
 [ 0.06858685  0.01496636 -0.05900468]
 [-0.01871578  0.03061116 -0.01003434]
 [ 0.00203456  0.04400689 -0.01400263]
 [ 0.02217522  0.04987768 -0.02754079]
 [ 0.03593641  0.05136737 -0.0475022 ]]
v : [[ 0.02606882 -0.02657436 -0.01277696]
 [ 0.02102379 -0.01776514 -0.00547862]
 [ 0.02246397 -0.02106966 -0.00642804]
 [ 0.02346038 -0.01768957 -0.00138154]
 [ 0.09844489 -0.02604971 -0.00775004]
 [ 0.02825566 -0.00314007 -0.0070201 ]
 [ 0.01992263 -0.0041399  -0.00824735]
 [ 0.01622701 -0.00648813 -0.03002402]
 [ 0.09858187 -0.00211138 -0.00629882]
 [ 0.03833972  0.00285192 -0.01021741]
 [ 0.0223426  -0.00388493 -0.02091337]
 [ 0.02090333 -0.00343912 -0.0188804 ]
 [ 0.0938633   0.0202214  -0.01385132]
 [ 0.02931865  0.00299002 -0.01419542]
 [ 0.02006154 -0.00228406 -0.0205858 ]
 [ 0.01895439 -0.00451095 -0.02268792]
 [ 0.07489524  0.0320612  -0.02235011]
 [ 0.02075034  0.01339573 -0.00396829]
 [ 0.02014066  0.00587079 -0.01353816]
 [ 0.01376119  0.0014897  -0.01996141]]
linalg v : [[ 0.66235588 -0.67520048 -0.32463671]
 [ 0.7491244  -0.63301153 -0.19521538]
 [ 0.71399505 -0.66967821 -0.20430899]
 [ 0.79757585 -0.60138737 -0.04696798]
 [ 0.96394009 -0.25507027 -0.07588581]
 [ 0.9648999  -0.10722989 -0.23972888]
 [ 0.90738626 -0.18855391 -0.37562962]
 [ 0.46710144 -0.18676347 -0.86425439]
 [ 0.99773711 -0.02136902 -0.06374974]
 [ 0.96378943  0.07169195 -0.25684665]
 [ 0.72425974 -0.12593429 -0.67792949]
 [ 0.7366329  -0.12119454 -0.66534492]
 [ 0.9675558   0.20844492 -0.14278129]
 [ 0.8962833   0.09140623 -0.43395984]
 [ 0.6957356  -0.07921135 -0.71391704]
 [ 0.63380225 -0.1508385  -0.75864514]
 [ 0.88655183  0.37951564 -0.26456326]
 [ 0.8295031   0.53549968 -0.15863383]
 [ 0.80666335  0.2351337  -0.54222356]
 [ 0.56651633  0.06132732 -0.8217653 ]]
r_np.einsum('nt,nt->n',v[[0,1,2,4,5,6,8,9,10,12,13,14,16,17,18],:], v[[1,2,3,5,6,7,9,10,11,13,14,15,17,18,19],:] [0.98697072 0.9986694  0.98179721 0.97564888 0.98580479 0.78369595
 0.9764504  0.86312932 0.99983303 0.94821861 0.92614711 0.9945166
 0.98059669 0.88105877 0.91698858]
angle = np.arccos [0.16160244 0.05159264 0.19109309 0.22113616 0.16869454 0.67020241
 0.21745169 0.5293622  0.01827405 0.32321679 0.38673057 0.10477036
 0.1973139  0.49270039 0.41033162]
degress_angle = np.degrees [ 9.25913801  2.95604041 10.94882764 12.6701685   9.66548539 38.39976977
 12.45906416 30.33022008  1.04702595 18.51895789 22.15802975  6.00289926
 11.30525348 28.22965264 23.51027028]
data = np.array([angle], dtype=np.float32)  [[ 9.259138   2.9560404 10.948828  12.670169   9.665485  38.39977
  12.4590645 30.33022    1.0470259 18.518957  22.15803    6.002899
  11.305253  28.229652  23.510271 ]]
result = ret, results, neighbours, dist = knn.findNearest(data, 3)  <class 'mediapipe.python.s