(480, 640)

joint [[ 7.42540598e-01  5.26944876e-01  2.68188359e-07]
 [ 7.12851822e-01  4.78381753e-01 -2.24784464e-02]
 [ 6.70684278e-01  4.45861489e-01 -3.15725878e-02]
 [ 6.41433358e-01  4.18433070e-01 -3.94123457e-02]
 [ 6.26499593e-01  3.89033556e-01 -4.73293215e-02]
 [ 6.19052470e-01  5.24963737e-01 -1.63978040e-02]
 [ 5.74787319e-01  5.23102403e-01 -2.75537614e-02]
 [ 5.49556911e-01  5.21942377e-01 -3.78755182e-02]
 [ 5.27458251e-01  5.23604274e-01 -4.62138169e-02]
 [ 6.25040770e-01  5.66745341e-01 -1.57205909e-02]
 [ 5.77631056e-01  5.85221767e-01 -2.41981540e-02]
 [ 5.50724745e-01  5.95554948e-01 -3.23547460e-02]
 [ 5.30078292e-01  6.06059909e-01 -3.93874384e-02]
 [ 6.40890121e-01  5.99301696e-01 -1.83146410e-02]
 [ 6.02929115e-01  6.30164146e-01 -2.91672386e-02]
 [ 5.79011559e-01  6.47145271e-01 -3.96873243e-02]
 [ 5.57662368e-01  6.61433399e-01 -4.76759486e-02]
 [ 6.64581120e-01  6.24778032e-01 -2.34126318e-02]
 [ 6.43915594e-01  6.60616994e-01 -3.56190279e-02]
 [ 6.30813360e-01  6.84138060e-01 -4.31941934e-02]
 [ 6.15925312e-01  7.04332232e-01 -4.87646870e-02]]
v1: [[ 7.42540598e-01  5.26944876e-01  2.68188359e-07]
 [ 7.12851822e-01  4.78381753e-01 -2.24784464e-02]
 [ 6.70684278e-01  4.45861489e-01 -3.15725878e-02]
 [ 6.41433358e-01  4.18433070e-01 -3.94123457e-02]
 [ 7.42540598e-01  5.26944876e-01  2.68188359e-07]
 [ 6.19052470e-01  5.24963737e-01 -1.63978040e-02]
 [ 5.74787319e-01  5.23102403e-01 -2.75537614e-02]
 [ 5.49556911e-01  5.21942377e-01 -3.78755182e-02]
 [ 7.42540598e-01  5.26944876e-01  2.68188359e-07]
 [ 6.25040770e-01  5.66745341e-01 -1.57205909e-02]
 [ 5.77631056e-01  5.85221767e-01 -2.41981540e-02]
 [ 5.50724745e-01  5.95554948e-01 -3.23547460e-02]
 [ 7.42540598e-01  5.26944876e-01  2.68188359e-07]
 [ 6.40890121e-01  5.99301696e-01 -1.83146410e-02]
 [ 6.02929115e-01  6.30164146e-01 -2.91672386e-02]
 [ 5.79011559e-01  6.47145271e-01 -3.96873243e-02]
 [ 7.42540598e-01  5.26944876e-01  2.68188359e-07]
 [ 6.64581120e-01  6.24778032e-01 -2.34126318e-02]
 [ 6.43915594e-01  6.60616994e-01 -3.56190279e-02]
 [ 6.30813360e-01  6.84138060e-01 -4.31941934e-02]]
v2: [[ 0.71285182  0.47838175 -0.02247845]
 [ 0.67068428  0.44586149 -0.03157259]
 [ 0.64143336  0.41843307 -0.03941235]
 [ 0.62649959  0.38903356 -0.04732932]
 [ 0.61905247  0.52496374 -0.0163978 ]
 [ 0.57478732  0.5231024  -0.02755376]
 [ 0.54955691  0.52194238 -0.03787552]
 [ 0.52745825  0.52360427 -0.04621382]
 [ 0.62504077  0.56674534 -0.01572059]
 [ 0.57763106  0.58522177 -0.02419815]
 [ 0.55072474  0.59555495 -0.03235475]
 [ 0.53007829  0.60605991 -0.03938744]
 [ 0.64089012  0.5993017  -0.01831464]
 [ 0.60292912  0.63016415 -0.02916724]
 [ 0.57901156  0.64714527 -0.03968732]
 [ 0.55766237  0.6614334  -0.04767595]
 [ 0.66458112  0.62477803 -0.02341263]
 [ 0.64391559  0.66061699 -0.03561903]
 [ 0.63081336  0.68413806 -0.04319419]
 [ 0.61592531  0.70433223 -0.04876469]]
v : [[-0.02968878 -0.04856312 -0.02247871]
 [-0.04216754 -0.03252026 -0.00909414]
 [-0.02925092 -0.02742842 -0.00783976]
 [-0.01493376 -0.02939951 -0.00791698]
 [-0.12348813 -0.00198114 -0.01639807]
 [-0.04426515 -0.00186133 -0.01115596]
 [-0.02523041 -0.00116003 -0.01032176]
 [-0.02209866  0.0016619  -0.0083383 ]
 [-0.11749983  0.03980047 -0.01572086]
 [-0.04740971  0.01847643 -0.00847756]
 [-0.02690631  0.01033318 -0.00815659]
 [-0.02064645  0.01050496 -0.00703269]
 [-0.10165048  0.07235682 -0.01831491]
 [-0.03796101  0.03086245 -0.0108526 ]
 [-0.02391756  0.01698112 -0.01052009]
 [-0.02134919  0.01428813 -0.00798862]
 [-0.07795948  0.09783316 -0.0234129 ]
 [-0.02066553  0.03583896 -0.0122064 ]
 [-0.01310223  0.02352107 -0.00757517]
 [-0.01488805  0.02019417 -0.00557049]]
linalg v : [[-0.48513319 -0.79355185 -0.36731628]
 [-0.78056294 -0.60198225 -0.16834155]
 [-0.71591228 -0.6713068  -0.19187701]
 [-0.44036748 -0.8669341  -0.23345611]
 [-0.99117289 -0.01590154 -0.13161852]
 [-0.96887347 -0.04074078 -0.24418105]
 [-0.92470717 -0.04251552 -0.3782976 ]
 [-0.93330575  0.07018786 -0.35215628]
 [-0.93962489  0.31827713 -0.12571687]
 [-0.91907455  0.35818005 -0.16434422]
 [-0.89824832  0.34496597 -0.2723021 ]
 [-0.85283236  0.43392299 -0.29049579]
 [-0.8060453   0.57375899 -0.14522949]
 [-0.75750892  0.61585779 -0.21656274]
 [-0.76751916  0.5449277  -0.33759166]
 [-0.79356982  0.53110332 -0.29694478]
 [-0.612561    0.768717   -0.18396518]
 [-0.47910715  0.83088631 -0.28299166]
 [-0.4684474   0.8409545  -0.27083677]
 [-0.57930193  0.78576608 -0.21675089]]
r_np.einsum('nt,nt->n',v[[0,1,2,4,5,6,8,9,10,12,13,14,16,17,18],:], v[[1,2,3,5,6,7,9,10,11,13,14,15,17,18,19],:] [0.9182157 
 0.99523024 0.9420381  0.99310771 0.99002947 0.99327032
 0.99824668 0.99386838 0.99484651 0.99539174 0.99011036 0.99873904
 0.9842594  0.99981863 0.99087012]
angle = np.arccos [0.40724451 0.09770933 0.34214221 0.11747527 0.14133041 0.11607963
 0.05922548 0.11079621 0.10156691 0.09603963 0.140755   0.05022399
 0.17766298 0.01904603 0.13523174]
degress_angle = np.degrees [23.33339147  5.59833218 19.60330474  6.73083728  8.09763596  6.65087289
  3.39337     6.34815507  5.8193551   5.50266536  8.06466751  2.87762242
 10.17933866  1.09125702  7.74820775]
data = np.array([angle], dtype=np.float32)  [[23.333391   5.5983324 19.603304   6.7308373  8.097636   6.6508727
   3.39337    6.348155   5.819355   5.5026655  8.064668   2.8776224
  10.179338   1.091257   7.7482076]]
result = ret, results, neighbours, dist = knn.findNearest(data, 3)  <class 'mediapipe.python.solution_base.SolutionOutputs'>idx = int(results[0][0]) 5
joint [[ 2.28090703e-01  5.98069906e-01  2.55642618e-07]
 [ 2.54930854e-01  5.43836176e-01 -2.09653992e-02]
 [ 2.86879301e-01  5.07032156e-01 -3.16010341e-02]
 [ 3.13158333e-01  4.77057576e-01 -4.11157422e-02]
 [ 3.35380465e-01  4.52178061e-01 -5.00840619e-02]
 [ 3.47311467e-01  5.61023653e-01 -7.83953350e-03]
 [ 3.91345531e-01  5.46510696e-01 -1.75072793e-02]
 [ 4.18581098e-01  5.38859963e-01 -2.75925342e-02]
 [ 4.41422254e-01  5.35373628e-01 -3.55385281e-02]
 [ 3.48724931e-01  5.97477913e-01 -7.76446704e-03]
 [ 3.99409920e-01  5.98045766e-01 -1.23118861e-02]
 [ 4.30590749e-01  5.99560261e-01 -1.78922191e-02]
 [ 4.55055475e-01  6.00473464e-01 -2.31699701e-02]
 [ 3.39308530e-01  6.29689157e-01 -1.19398870e-02]
 [ 3.83565187e-01  6.37376428e-01 -1.89158320e-02]
 [ 4.11363989e-01  6.39461875e-01 -2.48833708e-02]
 [ 4.35882151e-01  6.39746308e-01 -3.03588603e-02]
 [ 3.22888851e-01  6.59824431e-01 -1.89645570e-02]
 [ 3.50873172e-01  6.82129741e-01 -2.76290569e-02]
 [ 3.70990217e-01  6.93253517e-01 -3.27003971e-02]
 [ 3.92021596e-01  7.03618169e-01 -3.68208550e-02]]
v1: [[ 2.28090703e-01  5.98069906e-01  2.55642618e-07]
 [ 2.54930854e-01  5.43836176e-01 -2.09653992e-02]
 [ 2.86879301e-01  5.07032156e-01 -3.16010341e-02]
 [ 3.13158333e-01  4.77057576e-01 -4.11157422e-02]
 [ 2.28090703e-01  5.98069906e-01  2.55642618e-07]
 [ 3.47311467e-01  5.61023653e-01 -7.83953350e-03]
 [ 3.91345531e-01  5.46510696e-01 -1.75072793e-02]
 [ 4.18581098e-01  5.38859963e-01 -2.75925342e-02]
 [ 2.28090703e-01  5.98069906e-01  2.55642618e-07]
 [ 3.48724931e-01  5.97477913e-01 -7.76446704e-03]
 [ 3.99409920e-01  5.98045766e-01 -1.23118861e-02]
 [ 4.30590749e-01  5.99560261e-01 -1.78922191e-02]
 [ 2.28090703e-01  5.98069906e-01  2.55642618e-07]
 [ 3.39308530e-01  6.29689157e-01 -1.19398870e-02]
 [ 3.83565187e-01  6.37376428e-01 -1.89158320e-02]
 [ 4.11363989e-01  6.39461875e-01 -2.48833708e-02]
 [ 2.28090703e-01  5.98069906e-01  2.55642618e-07]
 [ 3.22888851e-01  6.59824431e-01 -1.89645570e-02]
 [ 3.50873172e-01  6.82129741e-01 -2.76290569e-02]
 [ 3.70990217e-01  6.93253517e-01 -3.27003971e-02]]
v2: [[ 0.25493085  0.54383618 -0.0209654 ]
 [ 0.2868793   0.50703216 -0.03160103]
 [ 0.31315833  0.47705758 -0.04111574]
 [ 0.33538046  0.45217806 -0.05008406]
 [ 0.34731147  0.56102365 -0.00783953]
 [ 0.39134553  0.5465107  -0.01750728]
 [ 0.4185811   0.53885996 -0.02759253]
 [ 0.44142225  0.53537363 -0.03553853]
 [ 0.34872493  0.59747791 -0.00776447]
 [ 0.39940992  0.59804577 -0.01231189]
 [ 0.43059075  0.59956026 -0.01789222]
 [ 0.45505548  0.60047346 -0.02316997]
 [ 0.33930853  0.62968916 -0.01193989]
 [ 0.38356519  0.63737643 -0.01891583]
 [ 0.41136399  0.63946187 -0.02488337]
 [ 0.43588215  0.63974631 -0.03035886]
 [ 0.32288885  0.65982443 -0.01896456]
 [ 0.35087317  0.68212974 -0.02762906]
 [ 0.37099022  0.69325352 -0.0327004 ]
 [ 0.3920216   0.70361817 -0.03682085]]
v : [[ 0.02684015 -0.05423373 -0.02096565]
 [ 0.03194845 -0.03680402 -0.01063563]
 [ 0.02627903 -0.02997458 -0.00951471]
 [ 0.02222213 -0.02487952 -0.00896832]
 [ 0.11922076 -0.03704625 -0.00783979]
 [ 0.04403406 -0.01451296 -0.00966775]
 [ 0.02723557 -0.00765073 -0.01008525]
 [ 0.02284116 -0.00348634 -0.00794599]
 [ 0.12063423 -0.00059199 -0.00776472]
 [ 0.05068499  0.00056785 -0.00454742]
 [ 0.03118083  0.00151449 -0.00558033]
 [ 0.02446473  0.0009132  -0.00527775]
 [ 0.11121783  0.03161925 -0.01194014]
 [ 0.04425666  0.00768727 -0.00697595]
 [ 0.0277988   0.00208545 -0.00596754]
 [ 0.02451816  0.00028443 -0.00547549]
 [ 0.09479815  0.06175452 -0.01896481]
 [ 0.02798432  0.02230531 -0.0086645 ]
 [ 0.02011704  0.01112378 -0.00507134]
 [ 0.02103138  0.01036465 -0.00412046]]
linalg v : [[ 0.41910885 -0.8468595  -0.32737863]
 [ 0.6404622  -0.73780061 -0.2132098 ]
 [ 0.64122048 -0.73139354 -0.23216326]
 [ 0.64331111 -0.72024003 -0.25962495]
 [ 0.95308082 -0.29615708 -0.06267325]
 [ 0.92974836 -0.30643088 -0.20412767]
 [ 0.90683403 -0.25473841 -0.33579812]
 [ 0.93481707 -0.1426848  -0.32520468]
 [ 0.99792297 -0.00489715 -0.06423214]
 [ 0.99593736  0.01115807 -0.08935475]
 [ 0.98323698  0.04775713 -0.17596677]
 [ 0.97686237  0.03646366 -0.21073754]
 [ 0.95679439  0.27201684 -0.1027197 ]
 [ 0.97357721  0.16910792 -0.15345988]
 [ 0.97510608  0.0731518  -0.20932497]
 [ 0.97589631  0.0113213  -0.21794088]
 [ 0.82636579  0.53832093 -0.16531834]
 [ 0.76002758  0.60579103 -0.23531959]
 [ 0.85457381  0.472539   -0.21543097]
 [ 0.88345067  0.43538078 -0.17308523]]
r_np.einsum('nt,nt->n',v[[0,1,2,4,5,6,8,9,10,12,13,14,16,17,18],:], v[[1,2,3,5,6,7,9,10,11,13,14,15,17,18,19],:] [0.96303717 0.99979957 0.99955854 0.98967035 0.98973286 0.99327436
 0.99955357 0.99549878 0.99931141 0.99327676 0.99383459 0.99805107
 0.99307343 0.98645468 0.99799612]
angle = np.arccos [0.27273728 0.0200218  0.029715   0.14385747 0.14342078 0.11604476
 0.02988184 0.09491678 0.03711257 0.116024   0.11110138 0.06244306
 0.11776744 0.16477873 0.06331751]
degress_angle = np.degrees [15.62669528  1.1471644   1.70254407  8.24242611  8.21740559  6.64887511
  1.71210332  5.43833097  2.12639356  6.64768535  6.36564004  3.57772382
  6.74757721  9.44112587  3.62782602]
data = np.array([angle], dtype=np.float32)  [[15.626696   1.1471643  1.7025441  8.242426   8.217405   6.648875
   1.7121034  5.438331   2.1263936  6.6476855  6.36564    3.5777237
   6.747577   9.441126   3.627826 ]]
result = ret, results, neighbours, dist = knn.findNearest(data, 3)  <class 'mediapipe.python.solution_base.SolutionOutputs'>idx = int(results[0][0]) 5